99,3
99,2
99,1
99,0
73,3
73,2
73,1
72,3
72,2
72,1
71,3
71,2
71,1
70,3
70,2
70,1
69,6
69,5
69,4
69,3
69,2
69,1
68,7
68,5
68,4
68,3
68,2
68,1
67,5
67,4
67,3
67,2
67,1
66,5
66,4
66,3
66,2
66,1
65,8
65,7
65,6
65,5
65,4
65,3
65,2
65,1
64,11
64,10
64,9
64,8
64,7
64,5
64,4
64,3
64,2
64,1
63,7
63,6
63,5
63,4
63,3
63,2
63,1
57,183
57,181
57,180
57,179
57,172
57,165
57,164
57,153
57,151
57,146
57,143
57,139
57,138
57,136
57,130
57,127
57,122
57,120
57,113
57,111
57,108
57,105
57,103
57,102
57,101
57,100
57,99
57,98
57,97
57,96
57,95
57,91
57,72
57,71
57,70
57,69
57,68
57,1
51,3
51,2
51,1
45,3
45,2
45,1
41,3
41,2
41,1
38,3
38,2
38,1
37,3
37,2
37,1
